596683
838547
863064
269830
229065
005366
324321
529673
192042
833143
938990
408593
700947
107048
466566
828802
826675
028266
820047
147169
325557
343059
135997
237570
497661
393196
351095
643017
949972
664467
743068
749213
029514
268000
823231
517035
979562
411840
675698
209356
690648
321422
139735
565640
346212
720909
616120
001628
129888
482833
716170
768439
358812
480787
449090
587032
090609
825297
815328
534010
183939
966773
510067
294443
067958
020328
397403
061581
347644
277630
101109
322745
937270
797552
498379
898341
669025
209408
825877
441436
175300
789439
653984
434078
848536
653912
389850
503782
982310
299681
906052
284642
557570
593540
738856
862035
276794
993385
713105
537842
